                   t               x1(t)               x2(t)           DeltaX(t)
  0.0000000000000E+00 -1.0000000000000E+01  4.0000000000000E+00  1.4000000000000E+01
  8.3333333333333E-03 -9.9916666666667E+00  3.9000347125792E+00  1.3891701379246E+01
  1.6666666666667E-02 -9.9833333333333E+00  3.8001388117605E+00  1.3783472145094E+01
  2.5000000000000E-02 -9.9750000000000E+00  3.7003122397460E+00  1.3675312239746E+01
  3.3333333333333E-02 -9.9666666666667E+00  3.6005549387857E+00  1.3567221605452E+01
  4.1666666666667E-02 -9.9583333333333E+00  3.5008668511777E+00  1.3459200184511E+01
  5.0000000000000E-02 -9.9500000000000E+00  3.4012479192682E+00  1.3351247919268E+01
  5.8333333333333E-02 -9.9416666666667E+00  3.3016980854516E+00  1.3243364752118E+01
  6.6666666666667E-02 -9.9333333333333E+00  3.2022172921701E+00  1.3135550625503E+01
  7.5000000000000E-02 -9.9250000000000E+00  3.1028054819138E+00  1.3027805481914E+01
  8.3333333333333E-02 -9.9166666666667E+00  3.0034625972209E+00  1.2920129263888E+01
  9.1666666666667E-02 -9.9083333333333E+00  2.9041885806773E+00  1.2812521914011E+01
  1.0000000000000E-01 -9.9000000000000E+00  2.8049833749168E+00  1.2704983374917E+01
  1.0833333333333E-01 -9.8916666666667E+00  2.7058469226209E+00  1.2597513589288E+01
  1.1666666666667E-01 -9.8833333333333E+00  2.6067791665190E+00  1.2490112499852E+01
  1.2500000000000E-01 -9.8750000000000E+00  2.5077800493881E+00  1.2382780049388E+01
  1.3333333333333E-01 -9.8666666666667E+00  2.4088495140529E+00  1.2275516180720E+01
  1.4166666666667E-01 -9.8583333333333E+00  2.3099875033856E+00  1.2168320836719E+01
  1.5000000000000E-01 -9.8500000000000E+00  2.2111939603063E+00  1.2061193960306E+01
  1.5833333333333E-01 -9.8416666666667E+00  2.1124688277822E+00  1.1954135494449E+01
  1.6666666666667E-01 -9.8333333333333E+00  2.0138120488284E+00  1.1847145382162E+01
  1.7500000000000E-01 -9.8250000000000E+00  1.9152235665073E+00  1.1740223566507E+01
  1.8333333333333E-01 -9.8166666666667E+00  1.8167033239287E+00  1.1633369990595E+01
  1.9166666666667E-01 -9.8083333333333E+00  1.7182512642500E+00  1.1526584597583E+01
  2.0000000000000E-01 -9.8000000000000E+00  1.6198673306755E+00  1.1419867330676E+01
  2.0833333333333E-01 -9.7916666666667E+00  1.5215514664573E+00  1.1313218133124E+01
  2.1666666666667E-01 -9.7833333333333E+00  1.4233036148946E+00  1.1206636948228E+01
  2.2500000000000E-01 -9.7750000000000E+00  1.3251237193336E+00  1.1100123719334E+01
  2.3333333333333E-01 -9.7666666666667E+00  1.2270117231681E+00  1.0993678389835E+01
  2.4166666666667E-01 -9.7583333333333E+00  1.1289675698387E+00  1.0887300903172E+01
  2.5000000000000E-01 -9.7500000000000E+00  1.0309912028333E+00  1.0780991202833E+01
  2.5833333333333E-01 -9.7416666666667E+00  9.3308256568677E-01  1.0674749232353E+01
  2.6666666666667E-01 -9.7333333333333E+00  8.3524160198117E-01  1.0568574935315E+01
  2.7500000000000E-01 -9.7250000000000E+00  7.3746825534541E-01  1.0462468255345E+01
  2.8333333333333E-01 -9.7166666666667E+00  6.3976246945539E-01  1.0356429136122E+01
  2.9166666666667E-01 -9.7083333333333E+00  5.4212418803395E-01  1.0250457521367E+01
  3.0000000000000E-01 -9.7000000000000E+00  4.4455335485083E-01  1.0144553354851E+01
  3.0833333333333E-01 -9.6916666666667E+00  3.4704991372253E-01  1.0038716580389E+01
  3.1666666666667E-01 -9.6833333333333E+00  2.4961380851241E-01  9.9329471418457E+00
  3.2500000000000E-01 -9.6750000000000E+00  1.5224498313060E-01  9.8272449831306E+00
  3.3333333333333E-01 -9.6666666666667E+00  5.4943381533917E-02  9.7216100482006E+00
  3.4166666666667E-01 -9.6583333333333E+00 -4.2291052274123E-02  9.6160422810592E+00
  3.5000000000000E-01 -9.6500000000000E+00 -1.3945837424336E-01  9.5105416257566E+00
  3.5833333333333E-01 -9.6416666666667E+00 -2.3655864027702E-01  9.4051080263896E+00
  3.6666666666667E-01 -9.6333333333333E+00 -3.3359190623180E-01  9.2997414271015E+00
  3.7500000000000E-01 -9.6250000000000E+00 -4.3055822791781E-01  9.1944417720822E+00
  3.8333333333333E-01 -9.6166666666667E+00 -5.2745766109874E-01  9.0892090055679E+00
  3.9166666666667E-01 -9.6083333333333E+00 -6.2429026149177E-01  8.9840430718416E+00
  4.0000000000000E-01 -9.6000000000000E+00 -7.2105608476768E-01  8.8789439152323E+00
  4.0833333333333E-01 -9.5916666666667E+00 -8.1775518655090E-01  8.7739114801158E+00
  4.1666666666667E-01 -9.5833333333333E+00 -9.1438762241951E-01  8.6689457109138E+00
  4.2500000000000E-01 -9.5750000000000E+00 -1.0109534479053E+00  8.5640465520947E+00
  4.3333333333333E-01 -9.5666666666667E+00 -1.1074527184938E+00  8.4592139481729E+00
  4.4166666666667E-01 -9.5583333333333E+00 -1.2038854896243E+00  8.3544478437090E+00
  4.5000000000000E-01 -9.5500000000000E+00 -1.3002518166900E+00  8.2497481833100E+00
  4.5833333333333E-01 -9.5416666666667E+00 -1.3965517550378E+00  8.1451149116288E+00
  4.6666666666667E-01 -9.5333333333333E+00 -1.4927853599687E+00  8.0405479733647E+00
  4.7500000000000E-01 -9.5250000000000E+00 -1.5889526867374E+00  7.9360473132626E+00
  4.8333333333333E-01 -9.5166666666667E+00 -1.6850537905527E+00  7.8316128761140E+00
  4.9166666666667E-01 -9.5083333333333E+00 -1.7810887265775E+00  7.7272446067558E+00
  5.0000000000000E-01 -9.5000000000000E+00 -1.8770575499286E+00  7.6229424500714E+00
  5.0833333333333E-01 -9.4916666666667E+00 -1.9729603156770E+00  7.5187063509897E+00
  5.1666666666667E-01 -9.4833333333333E+00 -2.0687970788476E+00  7.4145362544857E+00
  5.2500000000000E-01 -9.4750000000000E+00 -2.1645678944199E+00  7.3104321055801E+00
  5.3333333333333E-01 -9.4666666666667E+00 -2.2602728173271E+00  7.2063938493396E+00
  5.4166666666667E-01 -9.4583333333333E+00 -2.3559119024570E+00  7.1024214308763E+00
  5.5000000000000E-01 -9.4500000000000E+00 -2.4514852046516E+00  6.9985147953484E+00
  5.5833333333333E-01 -9.4416666666667E+00 -2.5469927787071E+00  6.8946738879596E+00
  5.6666666666667E-01 -9.4333333333333E+00 -2.6424346793742E+00  6.7908986539592E+00
  5.7500000000000E-01 -9.4250000000000E+00 -2.7378109613578E+00  6.6871890386422E+00
  5.8333333333333E-01 -9.4166666666667E+00 -2.8331216793175E+00  6.5835449873492E+00
  5.9166666666667E-01 -9.4083333333333E+00 -2.9283668878671E+00  6.4799664454662E+00
  6.0000000000000E-01 -9.4000000000000E+00 -3.0235466415751E+00  6.3764533584249E+00
  6.0833333333333E-01 -9.3916666666667E+00 -3.1186609949646E+00  6.2730056717021E+00
  6.1666666666667E-01 -9.3833333333333E+00 -3.2137100025129E+00  6.1696233308204E+00
  6.2500000000000E-01 -9.3750000000000E+00 -3.3086937186524E+00  6.0663062813476E+00
  6.3333333333333E-01 -9.3666666666667E+00 -3.4036121977699E+00  5.9630544688968E+00
  6.4166666666667E-01 -9.3583333333333E+00 -3.4984654942069E+00  5.8598678391265E+00
  6.5000000000000E-01 -9.3500000000000E+00 -3.5932536622597E+00  5.7567463377403E+00
  6.5833333333333E-01 -9.3416666666667E+00 -3.6879767561793E+00  5.6536899104874E+00
  6.6666666666667E-01 -9.3333333333333E+00 -3.7826348301715E+00  5.5506985031618E+00
  6.7500000000000E-01 -9.3250000000000E+00 -3.8772279383972E+00  5.4477720616027E+00
  6.8333333333333E-01 -9.3166666666667E+00 -3.9717561349719E+00  5.3449105316948E+00
  6.9166666666667E-01 -9.3083333333333E+00 -4.0662194739661E+00  5.2421138593673E+00
  7.0000000000000E-01 -9.3000000000000E+00 -4.1606180094052E+00  5.1393819905948E+00
  7.0833333333333E-01 -9.2916666666667E+00 -4.2549517952697E+00  5.0367148713970E+00
  7.1666666666667E-01 -9.2833333333333E+00 -4.3492208854952E+00  4.9341124478381E+00
  7.2500000000000E-01 -9.2750000000000E+00 -4.4434253339721E+00  4.8315746660279E+00
  7.3333333333333E-01 -9.2666666666667E+00 -4.5375651945463E+00  4.7291014721203E+00
  7.4166666666667E-01 -9.2583333333333E+00 -4.6316405210185E+00  4.6266928123149E+00
  7.5000000000000E-01 -9.2500000000000E+00 -4.7256513671447E+00  4.5243486328553E+00
  7.5833333333333E-01 -9.2416666666667E+00 -4.8195977866362E+00  4.4220688800305E+00
  7.6666666666667E-01 -9.2333333333333E+00 -4.9134798331595E+00  4.3198535001739E+00
  7.7500000000000E-01 -9.2250000000000E+00 -5.0072975603363E+00  4.2177024396637E+00
  7.8333333333333E-01 -9.2166666666667E+00 -5.1010510217438E+00  4.1156156449228E+00
  7.9166666666667E-01 -9.2083333333333E+00 -5.1947402709146E+00  4.0135930624187E+00
  8.0000000000000E-01 -9.2000000000000E+00 -5.2883653613364E+00  3.9116346386636E+00
  8.0833333333333E-01 -9.1916666666667E+00 -5.3819263464527E+00  3.8097403202139E+00
  8.1666666666667E-01 -9.1833333333333E+00 -5.4754232796623E+00  3.7079100536710E+00
  8.2500000000000E-01 -9.1750000000000E+00 -5.5688562143196E+00  3.6061437856805E+00
  8.3333333333333E-01 -9.1666666666667E+00 -5.6622252037343E+00  3.5044414629323E+00
  8.4166666666667E-01 -9.1583333333333E+00 -5.7555303011722E+00  3.4028030321611E+00
  8.5000000000000E-01 -9.1500000000000E+00 -5.8487715598543E+00  3.3012284401457E+00
  8.5833333333333E-01 -9.1416666666667E+00 -5.9419490329573E+00  3.1997176337093E+00
  8.6666666666667E-01 -9.1333333333333E+00 -6.0350627736139E+00  3.0982705597194E+00
  8.7500000000000E-01 -9.1250000000000E+00 -6.1281128349122E+00  2.9968871650878E+00
  8.8333333333333E-01 -9.1166666666667E+00 -6.2210992698964E+00  2.8955673967703E+00
  8.9166666666667E-01 -9.1083333333333E+00 -6.3140221315661E+00  2.7943112017672E+00
  9.0000000000000E-01 -9.1000000000000E+00 -6.4068814728772E+00  2.6931185271228E+00
  9.0833333333333E-01 -9.0916666666667E+00 -6.4996773467412E+00  2.5919893199255E+00
  9.1666666666667E-01 -9.0833333333333E+00 -6.5924098060255E+00  2.4909235273078E+00
  9.2500000000000E-01 -9.0750000000000E+00 -6.6850789035538E+00  2.3899210964462E+00
  9.3333333333333E-01 -9.0666666666667E+00 -6.7776846921055E+00  2.2889819745612E+00
  9.4166666666667E-01 -9.0583333333333E+00 -6.8702272244159E+00  2.1881061089174E+00
  9.5000000000000E-01 -9.0500000000000E+00 -6.9627065531769E+00  2.0872934468232E+00
  9.5833333333333E-01 -9.0416666666667E+00 -7.0551227310359E+00  1.9865439356308E+00
  9.6666666666667E-01 -9.0333333333333E+00 -7.1474758105969E+00  1.8858575227365E+00
  9.7500000000000E-01 -9.0250000000000E+00 -7.2397658444198E+00  1.7852341555802E+00
  9.8333333333333E-01 -9.0166666666667E+00 -7.3319928850210E+00  1.6846737816457E+00
  9.9166666666667E-01 -9.0083333333333E+00 -7.4241569848728E+00  1.5841763484606E+00
  1.0000000000000E+00 -9.0000000000000E+00 -7.5162581964041E+00  1.4837418035959E+00
  1.0083333333333E+00 -8.9916666666667E+00 -7.6082965719999E+00  1.3833700946668E+00
  1.0166666666667E+00 -8.9833333333333E+00 -7.7002721640017E+00  1.2830611693316E+00
  1.0250000000000E+00 -8.9750000000000E+00 -7.7921850247074E+00  1.1828149752926E+00
  1.0333333333333E+00 -8.9666666666667E+00 -7.8840352063714E+00  1.0826314602953E+00
  1.0416666666667E+00 -8.9583333333333E+00 -7.9758227612043E+00  9.8251057212906E-01
  1.0500000000000E+00 -8.9500000000000E+00 -8.0675477413734E+00  8.8245225862656E-01
  1.0583333333333E+00 -8.9416666666667E+00 -8.1592101990027E+00  7.8245646766398E-01
  1.0666666666667E+00 -8.9333333333333E+00 -8.2508101861725E+00  6.8252314716088E-01
  1.0750000000000E+00 -8.9250000000000E+00 -8.3423477549197E+00  5.8265224508027E-01
  1.0833333333333E+00 -8.9166666666667E+00 -8.4338229572383E+00  4.8284370942841E-01
  1.0916666666667E+00 -8.9083333333333E+00 -8.5252358450784E+00  3.8309748825496E-01
  1.1000000000000E+00 -8.9000000000000E+00 -8.6165864703472E+00  2.8341352965282E-01
  1.1083333333333E+00 -8.8916666666667E+00 -8.7078748849085E+00  1.8379178175812E-01
  1.1166666666667E+00 -8.8833333333333E+00 -8.7991011405831E+00  8.4232192750207E-02
  1.1250000000000E+00 -8.8750000000000E+00 -8.8902652891484E+00 -1.5265289148431E-02
  1.1333333333333E+00 -8.8666666666667E+00 -8.9813673823388E+00 -1.1470071567216E-01
  1.1416666666667E+00 -8.8583333333333E+00 -9.0724074718456E+00 -2.1407413851222E-01
  1.1500000000000E+00 -8.8500000000000E+00 -9.1633856093169E+00 -3.1338560931687E-01
  1.1583333333333E+00 -8.8416666666667E+00 -9.2543018463579E+00 -4.1263517969125E-01
  1.1666666666667E+00 -8.8333333333333E+00 -9.3451562345309E+00 -5.1182290119762E-01
  1.1750000000000E+00 -8.8250000000000E+00 -9.4359488253552E+00 -6.1094882535521E-01
  1.1833333333333E+00 -8.8166666666667E+00 -9.5266796703070E+00 -7.1001300364033E-01
  1.1916666666667E+00 -8.8083333333333E+00 -9.6173488208198E+00 -8.0901548748648E-01
  1.2000000000000E+00 -8.8000000000000E+00 -9.7079563282843E+00 -9.0795632828424E-01
  1.2083333333333E+00 -8.7916666666667E+00 -9.7985022440481E+00 -1.0068355773815E+00
  1.2166666666667E+00 -8.7833333333333E+00 -9.8889866194165E+00 -1.1056532860832E+00
  1.2250000000000E+00 -8.7750000000000E+00 -9.9794095056516E+00 -1.2044095056516E+00
  1.2333333333333E+00 -8.7666666666667E+00 -1.0069770953973E+01 -1.3031042873065E+00
  1.2416666666667E+00 -8.7583333333333E+00 -1.0160071015558E+01 -1.4017376822247E+00
  1.2500000000000E+00 -8.7500000000000E+00 -1.0250309741540E+01 -1.5003097415404E+00
  1.2583333333333E+00 -8.7416666666667E+00 -1.0340487183012E+01 -1.5988205163456E+00
  1.2666666666667E+00 -8.7333333333333E+00 -1.0430603391023E+01 -1.6972700576892E+00
  1.2750000000000E+00 -8.7250000000000E+00 -1.0520658416578E+01 -1.7956584165779E+00
  1.2833333333333E+00 -8.7166666666667E+00 -1.0610652310643E+01 -1.8939856439759E+00
  1.2916666666667E+00 -8.7083333333333E+00 -1.0700585124138E+01 -1.9922517908047E+00
  1.3000000000000E+00 -8.7000000000000E+00 -1.0790456907944E+01 -2.0904569079439E+00
  1.3083333333333E+00 -8.6916666666667E+00 -1.0880267712897E+01 -2.1886010462301E+00
  1.3166666666667E+00 -8.6833333333333E+00 -1.0970017589791E+01 -2.2866842564579E+00
  1.3250000000000E+00 -8.6750000000000E+00 -1.1059706589380E+01 -2.3847065893797E+00
  1.3333333333333E+00 -8.6666666666667E+00 -1.1149334762372E+01 -2.4826680957053E+00
  1.3416666666667E+00 -8.6583333333333E+00 -1.1238902159436E+01 -2.5805688261024E+00
  1.3500000000000E+00 -8.6500000000000E+00 -1.1328408831197E+01 -2.6784088311965E+00
  1.3583333333333E+00 -8.6416666666667E+00 -1.1417854828238E+01 -2.7761881615711E+00
  1.3666666666667E+00 -8.6333333333333E+00 -1.1507240201101E+01 -2.8739068677673E+00
  1.3750000000000E+00 -8.6250000000000E+00 -1.1596565000284E+01 -2.9715650002842E+00
  1.3833333333333E+00 -8.6166666666667E+00 -1.1685829276246E+01 -3.0691626095789E+00
  1.3916666666667E+00 -8.6083333333333E+00 -1.1775033079400E+01 -3.1666997460663E+00
  1.4000000000000E+00 -8.6000000000000E+00 -1.1864176460119E+01 -3.2641764601194E+00
  1.4083333333333E+00 -8.5916666666667E+00 -1.1953259468736E+01 -3.3615928020694E+00
  1.4166666666667E+00 -8.5833333333333E+00 -1.2042282155539E+01 -3.4589488222054E+00
  1.4250000000000E+00 -8.5750000000000E+00 -1.2131244570774E+01 -3.5562445707745E+00
  1.4333333333333E+00 -8.5666666666667E+00 -1.2220146764649E+01 -3.6534800979822E+00
  1.4416666666667E+00 -8.5583333333333E+00 -1.2308988787325E+01 -3.7506554539921E+00
  1.4500000000000E+00 -8.5500000000000E+00 -1.2397770688926E+01 -3.8477706889259E+00
  1.4583333333333E+00 -8.5416666666667E+00 -1.2486492519530E+01 -3.9448258528636E+00
  1.4666666666667E+00 -8.5333333333333E+00 -1.2575154329177E+01 -4.0418209958436E+00
  1.4750000000000E+00 -8.5250000000000E+00 -1.2663756167862E+01 -4.1387561678625E+00
  1.4833333333333E+00 -8.5166666666667E+00 -1.2752298085542E+01 -4.2356314188752E+00
  1.4916666666667E+00 -8.5083333333333E+00 -1.2840780132129E+01 -4.3324467987952E+00
  1.5000000000000E+00 -8.5000000000000E+00 -1.2929202357494E+01 -4.4292023574942E+00
  1.5083333333333E+00 -8.4916666666667E+00 -1.3017564811469E+01 -4.5258981448025E+00
  1.5166666666667E+00 -8.4833333333333E+00 -1.3105867543842E+01 -4.6225342105089E+00
  1.5250000000000E+00 -8.4750000000000E+00 -1.3194110604361E+01 -4.7191106043605E+00
  1.5333333333333E+00 -8.4666666666667E+00 -1.3282294042730E+01 -4.8156273760633E+00
  1.5416666666667E+00 -8.4583333333333E+00 -1.3370417908615E+01 -4.9120845752817E+00
  1.5500000000000E+00 -8.4500000000000E+00 -1.3458482251639E+01 -5.0084822516387E+00
  1.5583333333333E+00 -8.4416666666667E+00 -1.3546487121383E+01 -5.1048204547160E+00
  1.5666666666667E+00 -8.4333333333333E+00 -1.3634432567387E+01 -5.2010992340541E+00
  1.5750000000000E+00 -8.4250000000000E+00 -1.3722318639152E+01 -5.2973186391520E+00
  1.5833333333333E+00 -8.4166666666667E+00 -1.3810145386135E+01 -5.3934787194679E+00
  1.5916666666667E+00 -8.4083333333333E+00 -1.3897912857752E+01 -5.4895795244183E+00
  1.6000000000000E+00 -8.4000000000000E+00 -1.3985621103379E+01 -5.5856211033789E+00
  1.6083333333333E+00 -8.3916666666667E+00 -1.4073270172351E+01 -5.6816035056840E+00
  1.6166666666667E+00 -8.3833333333333E+00 -1.4160860113960E+01 -5.7775267806270E+00
  1.6250000000000E+00 -8.3750000000000E+00 -1.4248390977460E+01 -5.8733909774602E+00
  1.6333333333333E+00 -8.3666666666667E+00 -1.4335862812061E+01 -5.9691961453948E+00
  1.6416666666667E+00 -8.3583333333333E+00 -1.4423275666934E+01 -6.0649423336011E+00
  1.6500000000000E+00 -8.3500000000000E+00 -1.4510629591208E+01 -6.1606295912084E+00
  1.6583333333333E+00 -8.3416666666667E+00 -1.4597924633972E+01 -6.2562579673051E+00
  1.6666666666667E+00 -8.3333333333333E+00 -1.4685160844272E+01 -6.3518275109386E+00
  1.6750000000000E+00 -8.3250000000000E+00 -1.4772338271116E+01 -6.4473382711156E+00
  1.6833333333333E+00 -8.3166666666667E+00 -1.4859456963469E+01 -6.5427902968019E+00
  1.6916666666667E+00 -8.3083333333333E+00 -1.4946516970256E+01 -6.6381836369225E+00
  1.7000000000000E+00 -8.3000000000000E+00 -1.5033518340362E+01 -6.7335183403616E+00
  1.7083333333333E+00 -8.2916666666667E+00 -1.5120461122630E+01 -6.8287944559629E+00
  1.7166666666667E+00 -8.2833333333333E+00 -1.5207345365863E+01 -6.9240120325292E+00
  1.7250000000000E+00 -8.2750000000000E+00 -1.5294171118823E+01 -7.0191711188227E+00
  1.7333333333333E+00 -8.2666666666667E+00 -1.5380938430232E+01 -7.1142717635649E+00
  1.7416666666667E+00 -8.2583333333333E+00 -1.5467647348770E+01 -7.2093140154370E+00
  1.7500000000000E+00 -8.2500000000000E+00 -1.5554297923079E+01 -7.3042979230793E+00
  1.7583333333333E+00 -8.2416666666667E+00 -1.5640890201758E+01 -7.3992235350917E+00
  1.7666666666667E+00 -8.2333333333333E+00 -1.5727424233367E+01 -7.4940909000339E+00
  1.7750000000000E+00 -8.2250000000000E+00 -1.5813900066425E+01 -7.5889000664246E+00
  1.7833333333333E+00 -8.2166666666667E+00 -1.5900317749409E+01 -7.6836510827426E+00
  1.7916666666667E+00 -8.2083333333333E+00 -1.5986677330759E+01 -7.7783439974261E+00
  1.8000000000000E+00 -8.2000000000000E+00 -1.6072978858873E+01 -7.8729788588728E+00
  1.8083333333333E+00 -8.1916666666667E+00 -1.6159222382107E+01 -7.9675557154404E+00
  1.8166666666667E+00 -8.1833333333333E+00 -1.6245407948779E+01 -8.0620746154461E+00
  1.8250000000000E+00 -8.1750000000000E+00 -1.6331535607167E+01 -8.1565356071669E+00
  1.8333333333333E+00 -8.1666666666667E+00 -1.6417605405506E+01 -8.2509387388397E+00
  1.8416666666667E+00 -8.1583333333333E+00 -1.6503617391994E+01 -8.3452840586611E+00
  1.8500000000000E+00 -8.1500000000000E+00 -1.6589571614787E+01 -8.4395716147874E+00
  1.8583333333333E+00 -8.1416666666667E+00 -1.6675468122002E+01 -8.5338014553352E+00
  1.8666666666667E+00 -8.1333333333333E+00 -1.6761306961714E+01 -8.6279736283806E+00
  1.8750000000000E+00 -8.1250000000000E+00 -1.6847088181960E+01 -8.7220881819600E+00
  1.8833333333333E+00 -8.1166666666667E+00 -1.6932811830736E+01 -8.8161451640694E+00
  1.8916666666667E+00 -8.1083333333333E+00 -1.7018477955999E+01 -8.9101446226653E+00
  1.9000000000000E+00 -8.1000000000000E+00 -1.7104086605664E+01 -9.0040866056638E+00
  1.9083333333333E+00 -8.0916666666667E+00 -1.7189637827608E+01 -9.0979711609413E+00
  1.9166666666667E+00 -8.0833333333333E+00 -1.7275131669668E+01 -9.1917983363344E+00
  1.9250000000000E+00 -8.0750000000000E+00 -1.7360568179640E+01 -9.2855681796397E+00
  1.9333333333333E+00 -8.0666666666667E+00 -1.7445947405281E+01 -9.3792807386140E+00
  1.9416666666667E+00 -8.0583333333333E+00 -1.7531269394308E+01 -9.4729360609744E+00
  1.9500000000000E+00 -8.0500000000000E+00 -1.7616534194398E+01 -9.5665341943982E+00
  1.9583333333333E+00 -8.0416666666667E+00 -1.7701741853190E+01 -9.6600751865229E+00
  1.9666666666667E+00 -8.0333333333333E+00 -1.7786892418280E+01 -9.7535590849467E+00
  1.9750000000000E+00 -8.0250000000000E+00 -1.7871985937228E+01 -9.8469859372275E+00
  1.9833333333333E+00 -8.0166666666667E+00 -1.7957022457551E+01 -9.9403557908842E+00
  1.9916666666667E+00 -8.0083333333333E+00 -1.8042002026729E+01 -1.0033668693396E+01
  2.0000000000000E+00 -8.0000000000000E+00 -1.8126924692202E+01 -1.0126924692202E+01
  2.0083333333333E+00 -7.9916666666667E+00 -1.8211790501369E+01 -1.0220123834702E+01
  2.0166666666667E+00 -7.9833333333333E+00 -1.8296599501591E+01 -1.0313266168258E+01
  2.0250000000000E+00 -7.9750000000000E+00 -1.8381351740189E+01 -1.0406351740189E+01
  2.0333333333333E+00 -7.9666666666667E+00 -1.8466047264445E+01 -1.0499380597778E+01
  2.0416666666667E+00 -7.9583333333333E+00 -1.8550686121600E+01 -1.0592352788267E+01
  2.0500000000000E+00 -7.9500000000000E+00 -1.8635268358859E+01 -1.0685268358859E+01
  2.0583333333333E+00 -7.9416666666667E+00 -1.8719794023383E+01 -1.0778127356717E+01
  2.0666666666667E+00 -7.9333333333333E+00 -1.8804263162299E+01 -1.0870929828966E+01
  2.0750000000000E+00 -7.9250000000000E+00 -1.8888675822690E+01 -1.0963675822690E+01
  2.0833333333333E+00 -7.9166666666667E+00 -1.8973032051603E+01 -1.1056365384937E+01
  2.0916666666667E+00 -7.9083333333333E+00 -1.9057331896044E+01 -1.1148998562711E+01
  2.1000000000000E+00 -7.9000000000000E+00 -1.9141575402981E+01 -1.1241575402981E+01
  2.1083333333333E+00 -7.8916666666667E+00 -1.9225762619342E+01 -1.1334095952676E+01
  2.1166666666667E+00 -7.8833333333333E+00 -1.9309893592017E+01 -1.1426560258683E+01
  2.1250000000000E+00 -7.8750000000000E+00 -1.9393968367855E+01 -1.1518968367855E+01
  2.1333333333333E+00 -7.8666666666667E+00 -1.9477986993668E+01 -1.1611320327001E+01
  2.1416666666667E+00 -7.8583333333333E+00 -1.9561949516227E+01 -1.1703616182894E+01
  2.1500000000000E+00 -7.8500000000000E+00 -1.9645855982267E+01 -1.1795855982267E+01
  2.1583333333333E+00 -7.8416666666667E+00 -1.9729706438482E+01 -1.1888039771815E+01
  2.1666666666667E+00 -7.8333333333333E+00 -1.9813500931526E+01 -1.1980167598193E+01
  2.1750000000000E+00 -7.8250000000000E+00 -1.9897239508017E+01 -1.2072239508017E+01
  2.1833333333333E+00 -7.8166666666667E+00 -1.9980922214532E+01 -1.2164255547866E+01
  2.1916666666667E+00 -7.8083333333333E+00 -2.0064549097611E+01 -1.2256215764277E+01
  2.2000000000000E+00 -7.8000000000000E+00 -2.0148120203752E+01 -1.2348120203752E+01
  2.2083333333333E+00 -7.7916666666667E+00 -2.0231635579418E+01 -1.2439968912752E+01
  2.2166666666667E+00 -7.7833333333333E+00 -2.0315095271032E+01 -1.2531761937699E+01
  2.2250000000000E+00 -7.7750000000000E+00 -2.0398499324977E+01 -1.2623499324977E+01
  2.2333333333333E+00 -7.7666666666667E+00 -2.0481847787599E+01 -1.2715181120932E+01
  2.2416666666667E+00 -7.7583333333333E+00 -2.0565140705205E+01 -1.2806807371871E+01
  2.2500000000000E+00 -7.7500000000000E+00 -2.0648378124062E+01 -1.2898378124062E+01
  2.2583333333333E+00 -7.7416666666667E+00 -2.0731560090401E+01 -1.2989893423735E+01
  2.2666666666667E+00 -7.7333333333333E+00 -2.0814686650413E+01 -1.3081353317080E+01
  2.2750000000000E+00 -7.7250000000000E+00 -2.0897757850251E+01 -1.3172757850251E+01
  2.2833333333333E+00 -7.7166666666667E+00 -2.0980773736028E+01 -1.3264107069361E+01
  2.2916666666667E+00 -7.7083333333333E+00 -2.1063734353821E+01 -1.3355401020487E+01
  2.3000000000000E+00 -7.7000000000000E+00 -2.1146639749667E+01 -1.3446639749667E+01
  2.3083333333333E+00 -7.6916666666667E+00 -2.1229489969565E+01 -1.3537823302898E+01
  2.3166666666667E+00 -7.6833333333333E+00 -2.1312285059476E+01 -1.3628951726142E+01
  2.3250000000000E+00 -7.6750000000000E+00 -2.1395025065322E+01 -1.3720025065322E+01
  2.3333333333333E+00 -7.6666666666667E+00 -2.1477710032989E+01 -1.3811043366322E+01
  2.3416666666667E+00 -7.6583333333333E+00 -2.1560340008321E+01 -1.3902006674987E+01
  2.3500000000000E+00 -7.6500000000000E+00 -2.1642915037126E+01 -1.3992915037126E+01
  2.3583333333333E+00 -7.6416666666667E+00 -2.1725435165176E+01 -1.4083768498509E+01
  2.3666666666667E+00 -7.6333333333333E+00 -2.1807900438200E+01 -1.4174567104866E+01
  2.3750000000000E+00 -7.6250000000000E+00 -2.1890310901892E+01 -1.4265310901892E+01
  2.3833333333333E+00 -7.6166666666667E+00 -2.1972666601909E+01 -1.4355999935242E+01
  2.3916666666667E+00 -7.6083333333333E+00 -2.2054967583866E+01 -1.4446634250533E+01
  2.4000000000000E+00 -7.6000000000000E+00 -2.2137213893345E+01 -1.4537213893345E+01
  2.4083333333333E+00 -7.5916666666667E+00 -2.2219405575885E+01 -1.4627738909218E+01
  2.4166666666667E+00 -7.5833333333333E+00 -2.2301542676991E+01 -1.4718209343657E+01
  2.4250000000000E+00 -7.5750000000000E+00 -2.2383625242128E+01 -1.4808625242128E+01
  2.4333333333333E+00 -7.5666666666667E+00 -2.2465653316724E+01 -1.4898986650057E+01
  2.4416666666667E+00 -7.5583333333333E+00 -2.2547626946168E+01 -1.4989293612835E+01
  2.4500000000000E+00 -7.5500000000000E+00 -2.2629546175813E+01 -1.5079546175813E+01
  2.4583333333333E+00 -7.5416666666667E+00 -2.2711411050973E+01 -1.5169744384307E+01
  2.4666666666667E+00 -7.5333333333333E+00 -2.2793221616925E+01 -1.5259888283592E+01
  2.4750000000000E+00 -7.5250000000000E+00 -2.2874977918907E+01 -1.5349977918907E+01
  2.4833333333333E+00 -7.5166666666667E+00 -2.2956680002121E+01 -1.5440013335454E+01
  2.4916666666667E+00 -7.5083333333333E+00 -2.3038327911730E+01 -1.5529994578397E+01
  2.5000000000000E+00 -7.5000000000000E+00 -2.3119921692860E+01 -1.5619921692860E+01
  2.5083333333333E+00 -7.4916666666667E+00 -2.3201461390598E+01 -1.5709794723932E+01
  2.5166666666667E+00 -7.4833333333333E+00 -2.3282947049997E+01 -1.5799613716664E+01
  2.5250000000000E+00 -7.4750000000000E+00 -2.3364378716069E+01 -1.5889378716069E+01
  2.5333333333333E+00 -7.4666666666667E+00 -2.3445756433789E+01 -1.5979089767122E+01
  2.5416666666667E+00 -7.4583333333333E+00 -2.3527080248097E+01 -1.6068746914763E+01
  2.5500000000000E+00 -7.4500000000000E+00 -2.3608350203892E+01 -1.6158350203892E+01
  2.5583333333333E+00 -7.4416666666667E+00 -2.3689566346038E+01 -1.6247899679372E+01
  2.5666666666667E+00 -7.4333333333333E+00 -2.3770728719362E+01 -1.6337395386029E+01
  2.5750000000000E+00 -7.4250000000000E+00 -2.3851837368652E+01 -1.6426837368652E+01
  2.5833333333333E+00 -7.4166666666667E+00 -2.3932892338659E+01 -1.6516225671992E+01
  2.5916666666667E+00 -7.4083333333333E+00 -2.4013893674097E+01 -1.6605560340764E+01
  2.6000000000000E+00 -7.4000000000000E+00 -2.4094841419643E+01 -1.6694841419643E+01
  2.6083333333333E+00 -7.3916666666667E+00 -2.4175735619938E+01 -1.6784068953271E+01
  2.6166666666667E+00 -7.3833333333333E+00 -2.4256576319583E+01 -1.6873242986249E+01
  2.6250000000000E+00 -7.3750000000000E+00 -2.4337363563143E+01 -1.6962363563143E+01
  2.6333333333333E+00 -7.3666666666667E+00 -2.4418097395147E+01 -1.7051430728481E+01
  2.6416666666667E+00 -7.3583333333333E+00 -2.4498777860086E+01 -1.7140444526753E+01
  2.6500000000000E+00 -7.3500000000000E+00 -2.4579405002414E+01 -1.7229405002414E+01
  2.6583333333333E+00 -7.3416666666667E+00 -2.4659978866548E+01 -1.7318312199882E+01
  2.6666666666667E+00 -7.3333333333333E+00 -2.4740499496868E+01 -1.7407166163535E+01
  2.6750000000000E+00 -7.3250000000000E+00 -2.4820966937717E+01 -1.7495966937717E+01
  2.6833333333333E+00 -7.3166666666667E+00 -2.4901381233401E+01 -1.7584714566735E+01
  2.6916666666667E+00 -7.3083333333333E+00 -2.4981742428190E+01 -1.7673409094856E+01
  2.7000000000000E+00 -7.3000000000000E+00 -2.5062050566315E+01 -1.7762050566315E+01
  2.7083333333333E+00 -7.2916666666667E+00 -2.5142305691972E+01 -1.7850639025305E+01
  2.7166666666667E+00 -7.2833333333333E+00 -2.5222507849319E+01 -1.7939174515986E+01
  2.7250000000000E+00 -7.2750000000000E+00 -2.5302657082479E+01 -1.8027657082479E+01
  2.7333333333333E+00 -7.2666666666667E+00 -2.5382753435537E+01 -1.8116086768871E+01
  2.7416666666667E+00 -7.2583333333333E+00 -2.5462796952541E+01 -1.8204463619208E+01
  2.7500000000000E+00 -7.2500000000000E+00 -2.5542787677503E+01 -1.8292787677503E+01
  2.7583333333333E+00 -7.2416666666667E+00 -2.5622725654398E+01 -1.8381058987731E+01
  2.7666666666667E+00 -7.2333333333333E+00 -2.5702610927164E+01 -1.8469277593830E+01
  2.7750000000000E+00 -7.2250000000000E+00 -2.5782443539703E+01 -1.8557443539703E+01
  2.7833333333333E+00 -7.2166666666667E+00 -2.5862223535880E+01 -1.8645556869213E+01
  2.7916666666667E+00 -7.2083333333333E+00 -2.5941950959524E+01 -1.8733617626191E+01
  2.8000000000000E+00 -7.2000000000000E+00 -2.6021625854427E+01 -1.8821625854427E+01
  2.8083333333333E+00 -7.1916666666667E+00 -2.6101248264346E+01 -1.8909581597679E+01
  2.8166666666667E+00 -7.1833333333333E+00 -2.6180818232998E+01 -1.8997484899665E+01
  2.8250000000000E+00 -7.1750000000000E+00 -2.6260335804068E+01 -1.9085335804068E+01
  2.8333333333333E+00 -7.1666666666667E+00 -2.6339801021201E+01 -1.9173134354534E+01
  2.8416666666667E+00 -7.1583333333333E+00 -2.6419213928008E+01 -1.9260880594674E+01
  2.8500000000000E+00 -7.1500000000000E+00 -2.6498574568062E+01 -1.9348574568062E+01
  2.8583333333333E+00 -7.1416666666667E+00 -2.6577882984901E+01 -1.9436216318234E+01
  2.8666666666667E+00 -7.1333333333333E+00 -2.6657139222026E+01 -1.9523805888692E+01
  2.8750000000000E+00 -7.1250000000000E+00 -2.6736343322902E+01 -1.9611343322902E+01
  2.8833333333333E+00 -7.1166666666667E+00 -2.6815495330958E+01 -1.9698828664291E+01
  2.8916666666667E+00 -7.1083333333333E+00 -2.6894595289586E+01 -1.9786261956253E+01
  2.9000000000000E+00 -7.1000000000000E+00 -2.6973643242143E+01 -1.9873643242143E+01
  2.9083333333333E+00 -7.0916666666667E+00 -2.7052639231950E+01 -1.9960972565283E+01
  2.9166666666667E+00 -7.0833333333333E+00 -2.7131583302290E+01 -2.0048249968957E+01
  2.9250000000000E+00 -7.0750000000000E+00 -2.7210475496412E+01 -2.0135475496412E+01
  2.9333333333333E+00 -7.0666666666667E+00 -2.7289315857527E+01 -2.0222649190861E+01
  2.9416666666667E+00 -7.0583333333333E+00 -2.7368104428813E+01 -2.0309771095480E+01
  2.9500000000000E+00 -7.0500000000000E+00 -2.7446841253409E+01 -2.0396841253409E+01
  2.9583333333333E+00 -7.0416666666667E+00 -2.7525526374420E+01 -2.0483859707753E+01
  2.9666666666667E+00 -7.0333333333333E+00 -2.7604159834913E+01 -2.0570826501580E+01
  2.9750000000000E+00 -7.0250000000000E+00 -2.7682741677922E+01 -2.0657741677922E+01
  2.9833333333333E+00 -7.0166666666667E+00 -2.7761271946443E+01 -2.0744605279776E+01
  2.9916666666667E+00 -7.0083333333333E+00 -2.7839750683436E+01 -2.0831417350103E+01
  3.0000000000000E+00 -7.0000000000000E+00 -2.7918177931828E+01 -2.0918177931828E+01
  3.0083333333333E+00 -6.9916666666667E+00 -2.7996553734507E+01 -2.1004887067841E+01
  3.0166666666667E+00 -6.9833333333333E+00 -2.8074878134327E+01 -2.1091544800994E+01
  3.0250000000000E+00 -6.9750000000000E+00 -2.8153151174106E+01 -2.1178151174106E+01
  3.0333333333333E+00 -6.9666666666667E+00 -2.8231372896625E+01 -2.1264706229958E+01
  3.0416666666667E+00 -6.9583333333333E+00 -2.8309543344632E+01 -2.1351210011299E+01
  3.0500000000000E+00 -6.9500000000000E+00 -2.8387662560837E+01 -2.1437662560837E+01
  3.0583333333333E+00 -6.9416666666667E+00 -2.8465730587916E+01 -2.1524063921250E+01
  3.0666666666667E+00 -6.9333333333333E+00 -2.8543747468509E+01 -2.1610414135176E+01
  3.0750000000000E+00 -6.9250000000000E+00 -2.8621713245220E+01 -2.1696713245220E+01
  3.0833333333333E+00 -6.9166666666667E+00 -2.8699627960618E+01 -2.1782961293951E+01
  3.0916666666667E+00 -6.9083333333333E+00 -2.8777491657235E+01 -2.1869158323902E+01
  3.1000000000000E+00 -6.9000000000000E+00 -2.8855304377571E+01 -2.1955304377571E+01
  3.1083333333333E+00 -6.8916666666667E+00 -2.8933066164088E+01 -2.2041399497421E+01
  3.1166666666667E+00 -6.8833333333333E+00 -2.9010777059212E+01 -2.2127443725879E+01
  3.1250000000000E+00 -6.8750000000000E+00 -2.9088437105336E+01 -2.2213437105336E+01
  3.1333333333333E+00 -6.8666666666667E+00 -2.9166046344816E+01 -2.2299379678149E+01
  3.1416666666667E+00 -6.8583333333333E+00 -2.9243604819973E+01 -2.2385271486640E+01
  3.1500000000000E+00 -6.8500000000000E+00 -2.9321112573094E+01 -2.2471112573094E+01
  3.1583333333333E+00 -6.8416666666667E+00 -2.9398569646429E+01 -2.2556902979763E+01
  3.1666666666667E+00 -6.8333333333333E+00 -2.9475976082194E+01 -2.2642642748861E+01
  3.1750000000000E+00 -6.8250000000000E+00 -2.9553331922569E+01 -2.2728331922569E+01
  3.1833333333333E+00 -6.8166666666667E+00 -2.9630637209699E+01 -2.2813970543032E+01
  3.1916666666667E+00 -6.8083333333333E+00 -2.9707891985695E+01 -2.2899558652361E+01
  3.2000000000000E+00 -6.8000000000000E+00 -2.9785096292631E+01 -2.2985096292631E+01
  3.2083333333333E+00 -6.7916666666667E+00 -2.9862250172548E+01 -2.3070583505881E+01
  3.2166666666667E+00 -6.7833333333333E+00 -2.9939353667450E+01 -2.3156020334117E+01
  3.2250000000000E+00 -6.7750000000000E+00 -3.0016406819308E+01 -2.3241406819308E+01
  3.2333333333333E+00 -6.7666666666667E+00 -3.0093409670057E+01 -2.3326743003391E+01
  3.2416666666667E+00 -6.7583333333333E+00 -3.0170362261597E+01 -2.3412028928264E+01
  3.2500000000000E+00 -6.7500000000000E+00 -3.0247264635793E+01 -2.3497264635793E+01
  3.2583333333333E+00 -6.7416666666667E+00 -3.0324116834475E+01 -2.3582450167808E+01
  3.2666666666667E+00 -6.7333333333333E+00 -3.0400918899439E+01 -2.3667585566106E+01
  3.2750000000000E+00 -6.7250000000000E+00 -3.0477670872446E+01 -2.3752670872446E+01
  3.2833333333333E+00 -6.7166666666667E+00 -3.0554372795221E+01 -2.3837706128555E+01
  3.2916666666667E+00 -6.7083333333333E+00 -3.0631024709456E+01 -2.3922691376123E+01
  3.3000000000000E+00 -6.7000000000000E+00 -3.0707626656807E+01 -2.4007626656807E+01
  3.3083333333333E+00 -6.6916666666667E+00 -3.0784178678896E+01 -2.4092512012230E+01
  3.3166666666667E+00 -6.6833333333333E+00 -3.0860680817310E+01 -2.4177347483977E+01
  3.3250000000000E+00 -6.6750000000000E+00 -3.0937133113601E+01 -2.4262133113601E+01
  3.3333333333333E+00 -6.6666666666667E+00 -3.1013535609288E+01 -2.4346868942621E+01
  3.3416666666667E+00 -6.6583333333333E+00 -3.1089888345852E+01 -2.4431555012519E+01
  3.3500000000000E+00 -6.6500000000000E+00 -3.1166191364744E+01 -2.4516191364744E+01
  3.3583333333333E+00 -6.6416666666667E+00 -3.1242444707377E+01 -2.4600778040710E+01
  3.3666666666667E+00 -6.6333333333333E+00 -3.1318648415130E+01 -2.4685315081797E+01
  3.3750000000000E+00 -6.6250000000000E+00 -3.1394802529350E+01 -2.4769802529350E+01
  3.3833333333333E+00 -6.6166666666667E+00 -3.1470907091346E+01 -2.4854240424679E+01
  3.3916666666667E+00 -6.6083333333333E+00 -3.1546962142395E+01 -2.4938628809062E+01
  3.4000000000000E+00 -6.6000000000000E+00 -3.1622967723739E+01 -2.5022967723739E+01
  3.4083333333333E+00 -6.5916666666667E+00 -3.1698923876586E+01 -2.5107257209919E+01
  3.4166666666667E+00 -6.5833333333333E+00 -3.1774830642108E+01 -2.5191497308775E+01
  3.4250000000000E+00 -6.5750000000000E+00 -3.1850688061445E+01 -2.5275688061445E+01
  3.4333333333333E+00 -6.5666666666667E+00 -3.1926496175701E+01 -2.5359829509035E+01
  3.4416666666667E+00 -6.5583333333333E+00 -3.2002255025948E+01 -2.5443921692614E+01
  3.4500000000000E+00 -6.5500000000000E+00 -3.2077964653220E+01 -2.5527964653220E+01
  3.4583333333333E+00 -6.5416666666667E+00 -3.2153625098521E+01 -2.5611958431854E+01
  3.4666666666667E+00 -6.5333333333333E+00 -3.2229236402817E+01 -2.5695903069484E+01
  3.4750000000000E+00 -6.5250000000000E+00 -3.2304798607044E+01 -2.5779798607044E+01
  3.4833333333333E+00 -6.5166666666667E+00 -3.2380311752100E+01 -2.5863645085433E+01
  3.4916666666667E+00 -6.5083333333333E+00 -3.2455775878851E+01 -2.5947442545517E+01
  3.5000000000000E+00 -6.5000000000000E+00 -3.2531191028129E+01 -2.6031191028129E+01
  3.5083333333333E+00 -6.4916666666667E+00 -3.2606557240731E+01 -2.6114890574064E+01
  3.5166666666667E+00 -6.4833333333333E+00 -3.2681874557421E+01 -2.6198541224087E+01
  3.5250000000000E+00 -6.4750000000000E+00 -3.2757143018928E+01 -2.6282143018928E+01
  3.5333333333333E+00 -6.4666666666667E+00 -3.2832362665949E+01 -2.6365695999282E+01
  3.5416666666667E+00 -6.4583333333333E+00 -3.2907533539144E+01 -2.6449200205811E+01
  3.5500000000000E+00 -6.4500000000000E+00 -3.2982655679143E+01 -2.6532655679143E+01
  3.5583333333333E+00 -6.4416666666667E+00 -3.3057729126538E+01 -2.6616062459871E+01
  3.5666666666667E+00 -6.4333333333333E+00 -3.3132753921891E+01 -2.6699420588557E+01
  3.5750000000000E+00 -6.4250000000000E+00 -3.3207730105727E+01 -2.6782730105727E+01
  3.5833333333333E+00 -6.4166666666667E+00 -3.3282657718540E+01 -2.6865991051873E+01
  3.5916666666667E+00 -6.4083333333333E+00 -3.3357536800788E+01 -2.6949203467455E+01
  3.6000000000000E+00 -6.4000000000000E+00 -3.3432367392897E+01 -2.7032367392897E+01
  3.6083333333333E+00 -6.3916666666667E+00 -3.3507149535258E+01 -2.7115482868591E+01
  3.6166666666667E+00 -6.3833333333333E+00 -3.3581883268230E+01 -2.7198549934896E+01
  3.6250000000000E+00 -6.3750000000000E+00 -3.3656568632136E+01 -2.7281568632136E+01
  3.6333333333333E+00 -6.3666666666667E+00 -3.3731205667267E+01 -2.7364539000601E+01
  3.6416666666667E+00 -6.3583333333333E+00 -3.3805794413882E+01 -2.7447461080548E+01
  3.6500000000000E+00 -6.3500000000000E+00 -3.3880334912202E+01 -2.7530334912202E+01
  3.6583333333333E+00 -6.3416666666667E+00 -3.3954827202419E+01 -2.7613160535752E+01
  3.6666666666667E+00 -6.3333333333333E+00 -3.4029271324689E+01 -2.7695937991356E+01
  3.6750000000000E+00 -6.3250000000000E+00 -3.4103667319136E+01 -2.7778667319136E+01
  3.6833333333333E+00 -6.3166666666667E+00 -3.4178015225848E+01 -2.7861348559182E+01
  3.6916666666667E+00 -6.3083333333333E+00 -3.4252315084884E+01 -2.7943981751550E+01
  3.7000000000000E+00 -6.3000000000000E+00 -3.4326566936265E+01 -2.8026566936265E+01
  3.7083333333333E+00 -6.2916666666667E+00 -3.4400770819981E+01 -2.8109104153314E+01
  3.7166666666667E+00 -6.2833333333333E+00 -3.4474926775989E+01 -2.8191593442656E+01
  3.7250000000000E+00 -6.2750000000000E+00 -3.4549034844212E+01 -2.8274034844212E+01
  3.7333333333333E+00 -6.2666666666667E+00 -3.4623095064540E+01 -2.8356428397873E+01
  3.7416666666667E+00 -6.2583333333333E+00 -3.4697107476829E+01 -2.8438774143495E+01
  3.7500000000000E+00 -6.2500000000000E+00 -3.4771072120903E+01 -2.8521072120903E+01
  3.7583333333333E+00 -6.2416666666667E+00 -3.4844989036552E+01 -2.8603322369885E+01
  3.7666666666667E+00 -6.2333333333333E+00 -3.4918858263533E+01 -2.8685524930200E+01
  3.7750000000000E+00 -6.2250000000000E+00 -3.4992679841571E+01 -2.8767679841571E+01
  3.7833333333333E+00 -6.2166666666667E+00 -3.5066453810355E+01 -2.8849787143689E+01
  3.7916666666667E+00 -6.2083333333333E+00 -3.5140180209545E+01 -2.8931846876212E+01
  3.8000000000000E+00 -6.2000000000000E+00 -3.5213859078764E+01 -2.9013859078764E+01
  3.8083333333333E+00 -6.1916666666667E+00 -3.5287490457605E+01 -2.9095823790939E+01
  3.8166666666667E+00 -6.1833333333333E+00 -3.5361074385627E+01 -2.9177741052294E+01
  3.8250000000000E+00 -6.1750000000000E+00 -3.5434610902355E+01 -2.9259610902355E+01
  3.8333333333333E+00 -6.1666666666667E+00 -3.5508100047282E+01 -2.9341433380615E+01
  3.8416666666667E+00 -6.1583333333333E+00 -3.5581541859868E+01 -2.9423208526535E+01
  3.8500000000000E+00 -6.1500000000000E+00 -3.5654936379541E+01 -2.9504936379541E+01
  3.8583333333333E+00 -6.1416666666667E+00 -3.5728283645695E+01 -2.9586616979028E+01
  3.8666666666667E+00 -6.1333333333333E+00 -3.5801583697691E+01 -2.9668250364358E+01
  3.8750000000000E+00 -6.1250000000000E+00 -3.5874836574859E+01 -2.9749836574859E+01
  3.8833333333333E+00 -6.1166666666667E+00 -3.5948042316493E+01 -2.9831375649826E+01
  3.8916666666667E+00 -6.1083333333333E+00 -3.6021200961858E+01 -2.9912867628524E+01
  3.9000000000000E+00 -6.1000000000000E+00 -3.6094312550184E+01 -2.9994312550184E+01
  3.9083333333333E+00 -6.0916666666667E+00 -3.6167377120668E+01 -3.0075710454001E+01
  3.9166666666667E+00 -6.0833333333333E+00 -3.6240394712476E+01 -3.0157061379143E+01
  3.9250000000000E+00 -6.0750000000000E+00 -3.6313365364742E+01 -3.0238365364742E+01
  3.9333333333333E+00 -6.0666666666667E+00 -3.6386289116563E+01 -3.0319622449896E+01
  3.9416666666667E+00 -6.0583333333333E+00 -3.6459166007009E+01 -3.0400832673675E+01
  3.9500000000000E+00 -6.0500000000000E+00 -3.6531996075113E+01 -3.0481996075113E+01
  3.9583333333333E+00 -6.0416666666667E+00 -3.6604779359879E+01 -3.0563112693212E+01
  3.9666666666667E+00 -6.0333333333333E+00 -3.6677515900276E+01 -3.0644182566942E+01
  3.9750000000000E+00 -6.0250000000000E+00 -3.6750205735241E+01 -3.0725205735241E+01
  3.9833333333333E+00 -6.0166666666667E+00 -3.6822848903680E+01 -3.0806182237013E+01
  3.9916666666667E+00 -6.0083333333333E+00 -3.6895445444465E+01 -3.0887112111132E+01
  4.0000000000000E+00 -6.0000000000000E+00 -3.6967995396436E+01 -3.0967995396436E+01
  4.0083333333333E+00 -5.9916666666667E+00 -3.7040498798401E+01 -3.1048832131735E+01
  4.0166666666667E+00 -5.9833333333333E+00 -3.7112955689136E+01 -3.1129622355803E+01
  4.0250000000000E+00 -5.9750000000000E+00 -3.7185366107384E+01 -3.1210366107384E+01
  4.0333333333333E+00 -5.9666666666667E+00 -3.7257730091856E+01 -3.1291063425189E+01
  4.0416666666667E+00 -5.9583333333333E+00 -3.7330047681230E+01 -3.1371714347896E+01
  4.0500000000000E+00 -5.9500000000000E+00 -3.7402318914153E+01 -3.1452318914153E+01
  4.0583333333333E+00 -5.9416666666667E+00 -3.7474543829239E+01 -3.1532877162572E+01
  4.0666666666667E+00 -5.9333333333333E+00 -3.7546722465070E+01 -3.1613389131737E+01
  4.0750000000000E+00 -5.9250000000000E+00 -3.7618854860197E+01 -3.1693854860197E+01
  4.0833333333333E+00 -5.9166666666667E+00 -3.7690941053137E+01 -3.1774274386471E+01
  4.0916666666667E+00 -5.9083333333333E+00 -3.7762981082376E+01 -3.1854647749043E+01
  4.1000000000000E+00 -5.9000000000000E+00 -3.7834974986368E+01 -3.1934974986368E+01
  4.1083333333333E+00 -5.8916666666667E+00 -3.7906922803534E+01 -3.2015256136868E+01
  4.1166666666667E+00 -5.8833333333333E+00 -3.7978824572265E+01 -3.2095491238931E+01
  4.1250000000000E+00 -5.8750000000000E+00 -3.8050680330917E+01 -3.2175680330917E+01
  4.1333333333333E+00 -5.8666666666667E+00 -3.8122490117816E+01 -3.2255823451150E+01
  4.1416666666667E+00 -5.8583333333333E+00 -3.8194253971257E+01 -3.2335920637924E+01
  4.1500000000000E+00 -5.8500000000000E+00 -3.8265971929502E+01 -3.2415971929502E+01
  4.1583333333333E+00 -5.8416666666667E+00 -3.8337644030780E+01 -3.2495977364113E+01
  4.1666666666667E+00 -5.8333333333333E+00 -3.8409270313289E+01 -3.2575936979956E+01
  4.1750000000000E+00 -5.8250000000000E+00 -3.8480850815196E+01 -3.2655850815196E+01
  4.1833333333333E+00 -5.8166666666667E+00 -3.8552385574637E+01 -3.2735718907970E+01
  4.1916666666667E+00 -5.8083333333333E+00 -3.8623874629712E+01 -3.2815541296379E+01
  4.2000000000000E+00 -5.8000000000000E+00 -3.8695318018494E+01 -3.2895318018494E+01
  4.2083333333333E+00 -5.7916666666667E+00 -3.8766715779022E+01 -3.2975049112356E+01
  4.2166666666667E+00 -5.7833333333333E+00 -3.8838067949304E+01 -3.3054734615971E+01
  4.2250000000000E+00 -5.7750000000000E+00 -3.8909374567316E+01 -3.3134374567316E+01
  4.2333333333333E+00 -5.7666666666667E+00 -3.8980635671002E+01 -3.3213969004335E+01
  4.2416666666667E+00 -5.7583333333333E+00 -3.9051851298274E+01 -3.3293517964941E+01
  4.2500000000000E+00 -5.7500000000000E+00 -3.9123021487015E+01 -3.3373021487015E+01
  4.2583333333333E+00 -5.7416666666667E+00 -3.9194146275074E+01 -3.3452479608407E+01
  4.2666666666667E+00 -5.7333333333333E+00 -3.9265225700269E+01 -3.3531892366935E+01
  4.2750000000000E+00 -5.7250000000000E+00 -3.9336259800386E+01 -3.3611259800386E+01
  4.2833333333333E+00 -5.7166666666667E+00 -3.9407248613181E+01 -3.3690581946515E+01
  4.2916666666667E+00 -5.7083333333333E+00 -3.9478192176378E+01 -3.3769858843045E+01
  4.3000000000000E+00 -5.7000000000000E+00 -3.9549090527668E+01 -3.3849090527668E+01
  4.3083333333333E+00 -5.6916666666667E+00 -3.9619943704714E+01 -3.3928277038047E+01
  4.3166666666667E+00 -5.6833333333333E+00 -3.9690751745143E+01 -3.4007418411810E+01
  4.3250000000000E+00 -5.6750000000000E+00 -3.9761514686555E+01 -3.4086514686555E+01
  4.3333333333333E+00 -5.6666666666667E+00 -3.9832232566516E+01 -3.4165565899849E+01
  4.3416666666667E+00 -5.6583333333333E+00 -3.9902905422562E+01 -3.4244572089228E+01
  4.3500000000000E+00 -5.6500000000000E+00 -3.9973533292197E+01 -3.4323533292197E+01
  4.3583333333333E+00 -5.6416666666667E+00 -4.0044116212894E+01 -3.4402449546227E+01
  4.3666666666667E+00 -5.6333333333333E+00 -4.0114654222095E+01 -3.4481320888762E+01
  4.3750000000000E+00 -5.6250000000000E+00 -4.0185147357211E+01 -3.4560147357211E+01
  4.3833333333333E+00 -5.6166666666667E+00 -4.0255595655621E+01 -3.4638928988954E+01
  4.3916666666667E+00 -5.6083333333333E+00 -4.0325999154673E+01 -3.4717665821340E+01
  4.4000000000000E+00 -5.6000000000000E+00 -4.0396357891686E+01 -3.4796357891686E+01
  4.4083333333333E+00 -5.5916666666667E+00 -4.0466671903944E+01 -3.4875005237278E+01
  4.4166666666667E+00 -5.5833333333333E+00 -4.0536941228704E+01 -3.4953607895370E+01
  4.4250000000000E+00 -5.5750000000000E+00 -4.0607165903188E+01 -3.5032165903188E+01
  4.4333333333333E+00 -5.5666666666667E+00 -4.0677345964591E+01 -3.5110679297924E+01
  4.4416666666667E+00 -5.5583333333333E+00 -4.0747481450074E+01 -3.5189148116740E+01
  4.4500000000000E+00 -5.5500000000000E+00 -4.0817572396768E+01 -3.5267572396768E+01
  4.4583333333333E+00 -5.5416666666667E+00 -4.0887618841774E+01 -3.5345952175107E+01
  4.4666666666667E+00 -5.5333333333333E+00 -4.0957620822161E+01 -3.5424287488828E+01
  4.4750000000000E+00 -5.5250000000000E+00 -4.1027578374967E+01 -3.5502578374967E+01
  4.4833333333333E+00 -5.5166666666667E+00 -4.1097491537200E+01 -3.5580824870533E+01
  4.4916666666667E+00 -5.5083333333333E+00 -4.1167360345837E+01 -3.5659027012503E+01
  4.5000000000000E+00 -5.5000000000000E+00 -4.1237184837823E+01 -3.5737184837823E+01
  4.5083333333333E+00 -5.4916666666667E+00 -4.1306965050073E+01 -3.5815298383407E+01
  4.5166666666667E+00 -5.4833333333333E+00 -4.1376701019473E+01 -3.5893367686140E+01
  4.5250000000000E+00 -5.4750000000000E+00 -4.1446392782876E+01 -3.5971392782876E+01
  4.5333333333333E+00 -5.4666666666667E+00 -4.1516040377104E+01 -3.6049373710438E+01
  4.5416666666667E+00 -5.4583333333333E+00 -4.1585643838951E+01 -3.6127310505618E+01
  4.5500000000000E+00 -5.4500000000000E+00 -4.1655203205177E+01 -3.6205203205177E+01
  4.5583333333333E+00 -5.4416666666667E+00 -4.1724718512514E+01 -3.6283051845848E+01
  4.5666666666667E+00 -5.4333333333333E+00 -4.1794189797662E+01 -3.6360856464329E+01
  4.5750000000000E+00 -5.4250000000000E+00 -4.1863617097292E+01 -3.6438617097292E+01
  4.5833333333333E+00 -5.4166666666667E+00 -4.1933000448042E+01 -3.6516333781375E+01
  4.5916666666667E+00 -5.4083333333333E+00 -4.2002339886521E+01 -3.6594006553187E+01
  4.6000000000000E+00 -5.4000000000000E+00 -4.2071635449307E+01 -3.6671635449307E+01
  4.6083333333333E+00 -5.3916666666667E+00 -4.2140887172949E+01 -3.6749220506283E+01
  4.6166666666667E+00 -5.3833333333333E+00 -4.2210095093964E+01 -3.6826761760631E+01
  4.6250000000000E+00 -5.3750000000000E+00 -4.2279259248839E+01 -3.6904259248839E+01
  4.6333333333333E+00 -5.3666666666667E+00 -4.2348379674030E+01 -3.6981713007363E+01
  4.6416666666667E+00 -5.3583333333333E+00 -4.2417456405964E+01 -3.7059123072630E+01
  4.6500000000000E+00 -5.3500000000000E+00 -4.2486489481036E+01 -3.7136489481036E+01
  4.6583333333333E+00 -5.3416666666667E+00 -4.2555478935612E+01 -3.7213812268945E+01
  4.6666666666667E+00 -5.3333333333333E+00 -4.2624424806028E+01 -3.7291091472694E+01
  4.6750000000000E+00 -5.3250000000000E+00 -4.2693327128588E+01 -3.7368327128588E+01
  4.6833333333333E+00 -5.3166666666667E+00 -4.2762185939567E+01 -3.7445519272900E+01
  4.6916666666667E+00 -5.3083333333333E+00 -4.2831001275209E+01 -3.7522667941876E+01
  4.7000000000000E+00 -5.3000000000000E+00 -4.2899773171730E+01 -3.7599773171730E+01
  4.7083333333333E+00 -5.2916666666667E+00 -4.2968501665313E+01 -3.7676834998646E+01
  4.7166666666667E+00 -5.2833333333333E+00 -4.3037186792112E+01 -3.7753853458779E+01
  4.7250000000000E+00 -5.2750000000000E+00 -4.3105828588251E+01 -3.7830828588251E+01
  4.7333333333333E+00 -5.2666666666667E+00 -4.3174427089824E+01 -3.7907760423158E+01
  4.7416666666667E+00 -5.2583333333333E+00 -4.3242982332895E+01 -3.7984648999562E+01
  4.7500000000000E+00 -5.2500000000000E+00 -4.3311494353498E+01 -3.8061494353498E+01
  4.7583333333333E+00 -5.2416666666667E+00 -4.3379963187636E+01 -3.8138296520969E+01
  4.7666666666667E+00 -5.2333333333333E+00 -4.3448388871283E+01 -3.8215055537949E+01
  4.7750000000000E+00 -5.2250000000000E+00 -4.3516771440382E+01 -3.8291771440382E+01
  4.7833333333333E+00 -5.2166666666667E+00 -4.3585110930848E+01 -3.8368444264182E+01
  4.7916666666667E+00 -5.2083333333333E+00 -4.3653407378565E+01 -3.8445074045232E+01
  4.8000000000000E+00 -5.2000000000000E+00 -4.3721660819386E+01 -3.8521660819386E+01
  4.8083333333333E+00 -5.1916666666667E+00 -4.3789871289136E+01 -3.8598204622469E+01
  4.8166666666667E+00 -5.1833333333333E+00 -4.3858038823608E+01 -3.8674705490275E+01
  4.8250000000000E+00 -5.1750000000000E+00 -4.3926163458568E+01 -3.8751163458568E+01
  4.8333333333333E+00 -5.1666666666667E+00 -4.3994245229751E+01 -3.8827578563084E+01
  4.8416666666667E+00 -5.1583333333333E+00 -4.4062284172860E+01 -3.8903950839527E+01
  4.8500000000000E+00 -5.1500000000000E+00 -4.4130280323571E+01 -3.8980280323571E+01
  4.8583333333333E+00 -5.1416666666667E+00 -4.4198233717531E+01 -3.9056567050864E+01
  4.8666666666667E+00 -5.1333333333333E+00 -4.4266144390354E+01 -3.9132811057020E+01
  4.8750000000000E+00 -5.1250000000000E+00 -4.4334012377626E+01 -3.9209012377626E+01
  4.8833333333333E+00 -5.1166666666667E+00 -4.4401837714905E+01 -3.9285171048238E+01
  4.8916666666667E+00 -5.1083333333333E+00 -4.4469620437717E+01 -3.9361287104383E+01
  4.9000000000000E+00 -5.1000000000000E+00 -4.4537360581558E+01 -3.9437360581558E+01
  4.9083333333333E+00 -5.0916666666667E+00 -4.4605058181898E+01 -3.9513391515232E+01
  4.9166666666667E+00 -5.0833333333333E+00 -4.4672713274174E+01 -3.9589379940841E+01
  4.9250000000000E+00 -5.0750000000000E+00 -4.4740325893795E+01 -3.9665325893795E+01
  4.9333333333333E+00 -5.0666666666667E+00 -4.4807896076139E+01 -3.9741229409473E+01
  4.9416666666667E+00 -5.0583333333333E+00 -4.4875423856557E+01 -3.9817090523224E+01
  4.9500000000000E+00 -5.0500000000000E+00 -4.4942909270369E+01 -3.9892909270369E+01
  4.9583333333333E+00 -5.0416666666667E+00 -4.5010352352865E+01 -3.9968685686199E+01
  4.9666666666667E+00 -5.0333333333333E+00 -4.5077753139308E+01 -4.0044419805974E+01
  4.9750000000000E+00 -5.0250000000000E+00 -4.5145111664928E+01 -4.0120111664928E+01
  4.9833333333333E+00 -5.0166666666667E+00 -4.5212427964929E+01 -4.0195761298262E+01
  4.9916666666667E+00 -5.0083333333333E+00 -4.5279702074484E+01 -4.0271368741150E+01
  5.0000000000000E+00 -5.0000000000000E+00 -4.5346934028737E+01 -4.0346934028737E+01
